000043815
000003063
000023978
000002684
006918250
000004271
005288783
000060843
000024841
000003961
000170361
000071469
005311067
000060871
016129616
000092974
006445540
000000401
025077649
016136912
000003821
000005073
000064147
006918182
000003366
000005718
027885548
000003203
005284555
000638678
011531537
005273759
006442177
000003305
003001055
001548886
000005834
000005032
000000444
015950376
003033825
000168708
000005419
000005596
000000948
005288169
006604100
006918554
000003148
005284566
000003914
009567573
000005470
000002995
000004421
001548952
024846132
000004499
006337614
006433091
000003154
000002345
011254352
005487301
005481173
011238823
000003403
000969472
005281042
011501341
011979316
000132999
000004140
000002274
000006726
000003386
000027991
000071406
000093860
000003928
000002801
000009880
006433119
000636380
000027304
000107969
000008230
001549007
000004212
009690109
000003848
009853053
000000861
000003494
000004425
000102399
051508717
000006436
054671203
005493381
000001046
000004768
000010607
000002727
005280723
000004473
000009681
025151504
000456201
000010100
000132971
000157920
005312125
000003388
000002792
054684141
000003342
000071316
000005468
000040703
000466146
000439260
000441336
009818231
000154417
000002631
000005865
000002655
005282411
000003350
000000937
009578005
024826799
016220172
000474409
000050224
000146570
000024748
000003156
000011683
000125889
000003080
000001875
000033613
000047964
000003512
000004828
000003056
000023982
000072286
000044093
000010413
000060172
000051634
000010836
000002654
000446284
000005333
000130564
000004062
000003899
000004771
000002725
000014789
005352019
009887712
000012560
000134780
000056329
000002547
000003155
000051577
000020969
000013342
006102852
000005352
006437877
053627505
011707110
000003062
000003510
000002749
005479530
000005576
000002474
000002244
000441314
000656892
070685014
011167602
000003869
044201342
000060934
000002656
000057166
025880664
054681041
000003249
025880656
000009433
000003364
000004173
000003746
025094462
000004601
000003387
000005905
000089594
000012559
000006503
006918296
005284604
000002140
000002177
000000853
000004914
000000119
000008197
000003125
000004174
000206527
000002182
000000191
006918155
000003405
014476155
000004114
000004909
000060613
000005064
000157921
000072165
016129701
000002781
005311167
006433101
000004911
005281099
000003219
000216235
000444795
000005645
006918670
016132418
000446156
000667477
000006037
000002082
000062886
000003958
016129629
000004935
000122197
000000679
000054840
009966051
000003918
000483407
000004456
000047811
000219024
005280754
000154058
000004211
000150610
000002519
000004845
000004614
000013314
000000738
000002171
000003642
000003883
000000232
000003379
000004635
006917778
054675779
011234049
016132446
000002341
000032797
000030323
000003019
000002610
000002471
000036339
000025419
005284603
000444412
000004248
000042615
010465263
000259331
000003209
000003060
000005726
000002375
000002370
011163584
024847863
000068740
000105145
005311101
009833444
000033255
000004638
000001130
000060754
000006013
000004724
000005909
000005248
000441193
000004011
000441300
000009677
000024706
000002637
000003915
000004463
003086674
000160352
000000698
005362070
006918462
000060184
006433082
005479141
009869929
025074886
000003182
005311304
000083606
005384001
000003291
000134019
000002431
000121396
000047641
000002168
000032874
000003365
000004756
000021945
000005071
000004044
005311221
000002094
006321408
000000450
000003780
054686183
006918289
000014888
000006006
000005210
009815560
000005721
000004819
005311027
000005770
000197281
000003202
005353562
000012597
000006196
000005376
000002767
000092253
000225609
000002789
005493444
000027400
000039468
000216326
005282593
000004197
000003685
006419957
000005523
000021700
000083030
000008612
000003152
000216416
000002802
000005466
000156326
005281107
003081361
000002367
000002148
000004689
000005039
000005656
000148123
000082148
006918313
005282451
