000005591
000009878
010482134
005488547
000002369
000004030
000022258
016004692
000003559
000059768
000003877
000005756
000060936
000104865
000003355
044134877
000002274
000040326
005282175
000110635
000170361
006440191
000156391
000004649
000002307
070685014
000068740
024812758
000003830
005462337
000002828
000003598
011238823
006480466
000148127
000127909
000444033
000259331
000002085
000005961
000004212
000009294
006918584
051601240
000003182
000003305
000452548
009838021
054686183
000001978
006435755
000005453
000003777
000002712
000005410
000023982
000047964
000002895
045267081
006323490
000002519
000015541
000018342
000003825
000101526
000003954
000004062
005462501
000011333
005311304
009568613
000005161
000002678
005484727
000015459
000449193
023652731
000055283
005493444
011163584
000062305
000065016
000059226
009852981
000005651
000096312
000002951
000006726
000002764
006433119
000003387
000077998
000002583
000020824
000003517
000083606
000358641
000004635
000054547
000003696
000064142
011167602
000003672
000005333
000003414
000013769
002733525
025094462
000107969
000005656
000031378
000002019
000053232
006452749
000003198
005359272
005280363
000005077
005280723
000055331
000004054
000005358
000005320
000213039
005324345
000003520
005284596
000003750
000004034
000003793
000027350
000001875
000002666
000002520
000005478
000004064
046216142
009887712
000002751
000005718
000171558
000001003
000003345
000040692
005311066
000003872
000005238
000013109
023689036
000062886
000000772
000129806
000003918
000002082
000065370
000002540
000028864
005386092
000060699
009833444
009571107
000003394
000005727
000002487
049800046
000004568
000005920
000015232
016132344
000154417
000003009
000004547
000032603
000124087
005281081
000005002
000060183
000005430
000062965
000005486
000030751
000065981
000004594
024965990
000001805
000009400
005281071
000065014
016132283
000005726
003086686
000003267
000002083
000206527
000005184
000040632
000065157
056841124
000000158
000009904
000489181
000002159
000208902
000062816
000060834
000114709
000441199
000466146
000011973
005479141
056842239
000005052
000004033
000020469
000005090
000003364
000004889
011254352
005289223
000125017
005311498
000043815
005388906
070683023
016133802
000002578
000156326
009810131
000038904
000004048
000003446
000000175
000004271
000072165
000439260
000004095
000005029
011020241
000001690
000001993
000441313
000003269
013559279
000009433
000005775
000047471
000208898
000092253
000002311
000041867
000003114
000003325
000002118
000003385
006918010
005481173
016129616
000016886
000163091
000004727
000047419
000003878
000016533
000004865
000517045
016131923
000441401
000022502
000054313
009812414
000000853
000001134
000004691
000036523
011949646
000004253
000004811
000005038
000002881
000002471
000448812
000022318
000259329
000025959
000135326
000002284
000002161
000003410
000054687
000006005
001349907
000024642
006321416
000078032
000002123
000005291
014476155
000008982
000003202
000107694
006333887
000004259
000004114
000004432
000005411
000060857
000003063
001548943
000005070
009831414
000004170
000071158
000941650
000040976
000002767
000002405
000004736
000107807
000002269
000003209
000444036
000000767
000003007
000004168
000047641
000104849
000003784
000006037
000004909
000060772
000104741
000003516
000003958
000005071
005281006
000005870
000002792
000005577
005282226
005359596
000003657
000003292
000002833
000003117
000005487
000439693
000004935
003002977
009815560
005359476
000002145
000002215
000011125
000216209
000657180
054677977
001548952
000060749
000002250
006918456
005281034
006918554
000123809
005284371
000003702
006918453
000003059
000004639
000004894
000029089
000468595
000003155
005360237
000063009
002723876
000014970
000193962
000002909
000455658
009912092
006917778
000004828
000004786
000000137
003034812
000004993
000005155
000005530
011304743
005311236
000092721
000148191
000119830
000002265
000003902
000006234
000064780
009875401
000016124
000004724
