000688020
000005780
000168708
000077992
012993649
006708482
000037392
024822371
005360373
009811221
000055188
040468184
000149436
000021700
000443878
000002345
000002094
000003310
000060172
000004834
000441383
000006049
000068613
000003279
000002441
000122197
000054331
000054786
011467166
006918289
000060946
005280954
004369359
000003249
000003749
000012620
000176870
005311309
005280965
000002370
006435110
000031072
000015209
000213023
000006251
006918365
051508717
000032797
000026986
000002754
009868491
005284555
000016230
000031264
000006249
000003916
000004927
000004917
000003350
000054688
000003250
000007699
000121396
000003053
054671203
010096344
000060864
006453361
000008549
000001727
000003263
000003056
000023976
000157429
006918366
000123620
000002995
000000896
000003375
025126797
000071301
000969472
005481350
000003730
016136912
000002160
000005665
000005095
000043232
000002762
071306891
000003016
016129690
000003382
006918493
000054158
000104810
000003080
000001301
000042890
016139605
000032798
000148192
000071329
057396865
000006256
009853053
000000187
000004583
000004666
016130295
000131535
000134018
000002170
000004725
003010818
000073658
000003388
000002341
006918638
000006167
000004163
000002431
000000727
000055480
000050614
006326970
000941651
000005556
003083544
000002654
000006230
000002727
024776445
000001206
010182969
006451164
005353980
000002478
006328144
000002733
016131310
000009416
000047725
000123619
003033825
000158786
000443379
000449688
000005402
000004451
000004900
000030623
000004158
000444025
000002554
005360696
009578572
006602291
000002564
000003826
000005005
000005466
005281075
004659569
000004513
000005905
000004497
005460193
000060787
000008612
000005409
000051263
000060184
000005403
000002958
005362420
000011683
000006832
005281078
000001071
003036780
000005865
026275995
025077649
000033255
000005959
005311454
009690109
000071316
000002794
024847863
000003636
000165579
000002818
000003251
000002168
000000942
000443884
000003121
000446596
000083513
000446155
000005516
006436173
000004421
000060164
000003226
000004036
005384001
000008226
000003767
000005576
000030323
017754356
000004044
000004746
006714010
024826799
000441300
000073303
005353562
000064778
016129701
000003738
000071406
000071469
005284543
000158781
000004678
000003241
000060726
006918155
000006058
054684141
000005214
000041744
006918204
024846132
000003652
000043672
003001055
000123610
000006476
005362123
000392622
000164522
000004409
000016362
000005584
000041693
054681041
000009677
000056338
000148121
005311181
000047640
000002092
000105145
005284627
000004775
000002801
000060837
000002576
000003380
000000191
000040973
009552079
000003158
000241902
000004614
000005472
000149096
000060648
000002913
000027661
000054891
000008197
000009642
000004595
000004248
000003386
000013342
000045469
000010547
000003038
000002806
000005564
006324671
000441332
006509979
000060613
000151171
000222786
011228026
000005152
000032800
000147740
000004196
000135113
000008378
000005514
005284604
000005994
006450551
000005064
000003998
000006013
000027447
000004473
002724354
000005645
044564107
000005939
000035370
000005546
009871419
000003157
000004272
000092974
000060146
006604100
006337614
006442177
000023568
000003454
016132418
009794842
000029327
001548999
000003475
000000247
010107393
000005496
006714002
000006252
000216237
000041781
000003397
000018381
005281099
000023957
000005790
000005566
000003425
000010836
000005834
000004812
000002585
053627505
000005544
000151075
000008233
005702160
000003040
000001054
000060822
004479097
000003553
000005483
000004053
016126651
000005035
010324367
027885548
005282593
003032583
000003105
000065028
000003333
000010100
000002474
000119212
001548886
000004443
000126941
000005582
003085017
000004868
000000861
000027993
000065281
005311027
000003367
000160352
006328526
000010531
002724385
016134956
000004679
000004895
015951529
000004638
000003340
000004819
003081362
000003354
000439302
000071386
000004506
000071415
005251896
000003823
004517618
000026133
000004440
000003647
006918313
000000444
003002190
000077996
000004896
000002244
000074989
000005770
005282451
000003419
000148123
000004031
005311067