000077990
000005878
000005248
000003043
000175804
000057469
000003443
000636380
000002142
000443936
000003948
000159269
010034073
000005771
000004695
000004616
000004771
000003381
000000946
000054808
000005647
000003392
000054746
000003661
000005565
016129617
009825285
000068844
000071362
000013314
006918193
000214339
000002375
000005039
056603655
005361917
000115237
000024414
000000838
000002631
000093860
000441382
000003440
000004634
000004032
005362051
006915944
000005318
000005401
000009003
000003928
000039147
000003950
000010917
006436131
000077997
000091488
000050224
000005372
000006006
000003366
011243969
000005757
044567678
000031703
000012559
024873435
000447043
000003308
070695640
000009034
000004911
000005523
000006503
054675779
006604200
009924495
000006215
000005672
016065945
005361092
000000159
000051634
000004756
054682541
000047528
023690938
000061475
016158473
000005314
000002267
000001546
005284603
000004493
000443953
000000738
000002656
000441277
000012560
000104758
000004675
000003911
000071436
000002163
000004739
003000226
000003403
006321408
000002781
000667477
016131215
000446157
009966051
000060751
000002658
000005983
009898619
000445643
000119607
002723601
005280360
000104798
000004086
011597571
000005995
003052762
000005391
000000303
000063001
000003488
000052421
000004782
009940864
000005650
004630253
005362118
005458213
011672461
006434870
010220503
000014051
000446220
006433101
000225609
011672602
000003676
000055466
000130881
000002972
010113978
000000596
000002162
000004991
000003372
000060774
000020969
005362129
005281037
000477468
005281040
006398970
000003763
006437075
000004680
000004201
000003938
000064139
000060814
000003405
000005636
000383413
000032874
000060606
000003939
006437877
000020279
000006883
000033624
000132971
019371515
000005734
000002663
000072054
000119828
003034010
006433082
000005078
009831761
000003062
006323497
000003734
000005596
006102852
005282379
006918250
005288826
000021945
006918140
000004601
022834577
000008223
011234049
000003060
000002720
000004829
000001065
000004543
000037464
003055172
000004915
000004454
000002171
000003741
006850789
000077993
000145068
006433091
011658859
000002177
000002266
000004138
000018140
000000453
000003690
005311068
016129674
000444013
000387447
000000401
000060934
000033613
011001318
025151504
011519069
000002435
000005505
000002655
005280754
003033637
000002088
000005076
006918172
000064730
000004173
000014969
000060795
000003032
000001084
000002337
005480431
000082146
000060695
000456201
000007029
006433212
000003915
016130199
000003143
000034312
000024841
000002617
000004192
000004274
000004914
000315411
000208920
006850791
009930048
000021319
000002148
000005073
005486971
000060464
000005572
003081276
000057166
000006446
011235728
005282381
000002609
005360515
000004740
000003417
000001125
000054454
000062956
011499245
010163178
000002675
000054384
000160051
000115355
000065999
000004845
000002443
000219084
000001971
000443872
000036462
000003339
000003759
000020585
000004908
000003510
000004240
000004195
000089594
000000699
000023993
044564722
000125889
000002771
000003100
000122316
000441193
016132446
000002610
000002907
000060860
000464205
000010340
000123597
003080904
000004101
006003770
005388961
000441335
000004631
006419957
000024706
006918296
000003219
000156418
000132804
000072286
000005381
000005311
000005825
005460037
000001130
000002891
000003743
000131204
000000312
000028332
000166548
025074886
000060843
000000450
000002978
000441336
000064147
005311101
000002344
011593706
000004585
000018283
000024087
000160036
000002173
005311051
000002391
005311412
000002949
000004046
000012536
005353894
000003736
000036339
000644241
000003015
000005032
000110634
054687131
000016923
044146714
000004197
000027304
000005735
000005419
000039860
000119569
000150610
006918430
000014888
000002130
005280453
000023897
000002791
009869929
000005376
006435378
000004913
000004934
000128549
000005215
000657237
000004043
000000888
004474778
