000064710
000005754
009846180
016129688
000051038
000006451
005281007
000014789
000003278
003086685
000003494
000005909
000004932
000005719
000004112
000014917
000174174
016132438
000005210
000450503
000060855
000050294
000002156
000003780
000033036
000002756
000005452
000019090
000004536
000003827
000208908
000004060
011626560
003081884
000024066
000037768
025880656
005284569
000057537
000219024
000444412
000031401
016158207
000004419
000004140
000003899
000084029
000005479
000216235
000154100
000072111
000450096
000003151
053320414
000157921
002761171
005310993
005284513
000000598
000060714
053477714
017754772
000002350
000000612
000005578
000065856
005487301
000003255
000000679
000004747
006321411
000004057
000151165
000060877
000025419
009941444
000008230
000638678
000005193
000001775
000130564
016213095
000005877
000005731
000054373
000004171
000006010
000002367
000656628
000185457
000123611
000003658
000071616
000123623
000003961
009926791
000004456
000051577
000006869
000003639
000147912
000000214
000003108
000060878
000002022
000003675
000154058
000000222
000003393
003001028
000005732
000003957
001548954
000004411
000003937
000005300
000072466
000005515
006918462
045375808
000005359
000005526
000129228
000003687
025244225
010178705
000000298
000451668
000006741
000000297
000003461
000004236
000443943
000000750
000005978
000005525
000444006
000005257
000005717
002826718
000039764
016129704
000004425
000001798
000002187
000004673
000004599
000003512
016220172
000152945
006540461
000044564
000005394
000219090
000009444
000006432
000002563
000010413
000065492
044462760
024821094
000004923
000003291
000060853
000004999
009815559
000006468
000000305
000003642
006918182
009854073
000041774
000002809
000039042
025181561
000000753
000002719
000443958
000040291
000004943
005277135
000002479
000024450
000003724
000150311
000003003
005464097
005311167
000002522
000005468
000002812
000003929
005280483
024847874
000000785
000002708
000003256
000003463
000040703
000005051
000121749
000060026
010028615
000004107
000003623
000003363
000123606
000003222
000060846
000004051
000483407
000060825
000072938
000037720
000009403
000004159
003011155
023668479
000179344
000002140
000000119
000247839
000060754
000107994
000024748
000708857
005001396
000004885
000044257
005488383
000446156
003325225
049800003
000003715
000004609
000001986
005362440
000050599
009578005
000000146
000002308
000010133
004659568
011505907
000005245
000444008
000054949
000002622
000003783
016019977
010184653
000060830
016129672
000060961
000005819
000005904
005328940
000002646
000163296
000000961
000489129
011561674
000003476
005281107
000064987
000002826
000446541
000072081
000123015
000033741
000003737
000041684
000197712
006433272
000023925
000028486
000054259
000012035
000002973
000006238
000005408
011556711
000004623
000003368
000084003
000003148
005327147
000031100
000636374
000004264
000002462
000159247
000005195
000441140
000005407
070683024
000031307
000216239
005284537
000474409
000004763
000003742
000003154
000012460
000002442
005493381
000002725
000000923
000003370
000656892
015950376
000005512
005281042
000004499
000003042
000003640
000001046
000221493
000000815
000004906
000003171
000121892
000023951
000009354
000000206
000004485
000002749
071306834
000004745
005311000
000168625
005311065
000002650
016129665
005312125
000023994
000060490
005282380
011504294
000000143
000003331
000005352
011531537
000042593
000023954
005329098
000002366
000002726
000016078
000003964
000005253
000060656
000036811
025077993
000150310
000002802
000102399
000004450
000006436
005381226
000069512
000003449
000004428
016156130
000002713
000006032
042611257
006477186
000216326
000004768
000060198
016132265
000134780
006918537
000004607
000449677
005353853
000059708
000134019
024950485
005352019
016139342
000060852
000054840
000000564
000102258
000002141
000026069
011597697
000006116
000000232
016129703
011722286
000042955
006331630
000004891
000005454
000021844
000004091
000002476
