000043815
000003063
000023978
000002684
006918250
000004271
005288783
000060843
000024841
000003961
000170361
000071469
005311067
000060871
016129616
000092974
006445540
000000401
025077649
016136912
000003821
000005073
000064147
006918182
000003366
000005718
027885548
000003203
005284555
000638678
011531537
005273759
006442177
000003305
003001055
001548886
000005834
000005032
000000444
015950376
003033825
000168708
000005419
000005596
000000948
005288169
006604100
006918554
000003148
005284566
000003914
009567573
000005470
000002995
000004421
001548952
024846132
000004499
006337614
006433091
000003154
000002345
011254352
005487301
005481173
011238823
000003403
000969472
005281042
011501341
011979316
000132999
000004140
000002274
000006726
000003386
000027991
000071406
000093860
000003928
000002801
000009880
006433119
000636380
000027304
000107969
000008230
001549007
000004212
009690109
000003848
009853053
000000861
000003494
000004425
000102399
051508717
000006436
054671203
005493381
000001046
000004768
000010607
000002727
005280723
000004473
000009681
025151504
000456201
000010100
000132971
000157920
005312125
000003388
000002792
054684141
000003342
000071316
000005468
000040703
000466146
000439260
000441336
009818231
000154417
000002631
000005865
000002655
005282411
000003350
000000937
009578005
024826799
016220172
000474409
000050224
000146570
000024748
000003156
000011683
000125889
000003080
000001875
000033613
000047964
000003512
000004828
000003056
000023982
000072286
000044093
000010413
000060172
000051634
000010836
000002654
000446284
000005333
000130564
000004062
000003899
000004771
000002725
000014789
005352019
009887712
000012560
000134780
000056329
000002547
000003155
000051577
000020969
000013342
006102852
000005352
006437877
053627505
011707110
000003062
000003510
000002749
005479530
000005576
000002474
000002244
000441314
000656892
070685014
011167602
000003869
044201342
000060934
000002656
000057166
025880664
054681041
000003249
025880656
000009433
000003364
000004173
000003746
025094462
000004601
000003387
000005905
000089594
000012559
000006503
006918296
005284604
000002140
000002177
000000853
000004914
000000119
000008197
000003125
000004174
000206527
000002182
000000191
006918155
000003405
014476155
000004114
000004909
000060613
000005064
000157921
000072165
016129701
000002781
005311167
006433101
000004911
005281099
000003219
000216235
000444795
000005645
006918670
016132418
000446156
000667477
000006037
000002082
000062886
000003958
016129629
000004935
000122197
000000679
000054840
009966051
000003918
000483407
000004456
000047811
000219024
005280754
000154058
000004211
000150610
000002519
000004845
000004614
000013314
000000738
000002171
000003642
000003883
000000232
000003379
000004635
006917778
054675779
011234049
016132446
000002341
000032797
000030323
000003019
000002610
000002471
000036339
000025419
005284603
000444412
000004248
000042615
010465263
000259331
000003209
000003060
000005726
000002375
000002370
011163584
024847863
000068740
000105145
005311101
009833444
000033255
000004638
000001130
000060754
000006013
000004724
000005909
000005248
000441193
000004011
000441300
000009677
000024706
000002637
000003915
000004463
003086674
000160352
000000698
005362070
006918462
000060184
006433082
005479141
009869929
025074886
000003182
005311304
000083606
005384001
000003291
000134019
000002431
000121396
000047641
000002168
000032874
000003365
000004756
000021945
000005071
000004044
005311221
000002094
006321408
000000450
000003780
054686183
006918289
000014888
000006006
000005210
009815560
000005721
000004819
005311027
000005770
000197281
000003202
005353562
000012597
000006196
000005376
000002767
000092253
000225609
000002789
005493444
000027400
000039468
000216326
005282593
000004197
000003685
006419957
000005523
000021700
000083030
000008612
000003152
000216416
000002802
000005466
000156326
005281107
003081361
000002367
000002148
000004689
000005039
000005656
000148123
000082148
006918313
005282451
000006883
000060749
000005253
005464096
070788982
000154100
000054786
000055331
000001125
000021844
000003263
000004112
000104849
000027447
000004509
000077998
000387447
000214339
000005768
025077179
000027350
000002708
000003737
005311052
000002153
000003009
011304743
024873435
000119830
000006041
006452749
011467166
000000785
000636374
000060936
000071301
000054313
005460037
000003777
000007699
000002099
009912092
000005825
000005566
000122316
000441277
000000815
009916860
000009354
006918010
000123597
000004493
000001990
045375808
000024642
000358641
000006741
000006032
019371515
000148192
000003939
000003410
000449193
000441383
009815559
000060606
000072054
000091488
000009782
000004908
000071415
000047319
000006256
000004196
006602291
000072170
000065281
006323490
000002019
000030751
054687131
000002520
000002955
000004048
000010547
003036505
000003394
000044257
000003292
000005775
000005564
000441199
000000727
025074470
006323497
000006234
000115355
005311498
070683024
000005401
000002617
000003151
000003878
005284627
000002350
000003385
000002162
000060846
000039860
000004120
000002972
000003954
000005486
000060714
000005426
000003767
000001301
000018342
000060164
000060864
000062924
000001054
000005040
005284371
000041693
005277135
000003121
000003268
000005300
000006869
000047419
000065157
000134018
000003198
000000772
025102847
000003325
000060857
000159247
024838347
000031307
011001318
000000699
000065028
005360373
000208908
005359596
000016923
000003454
000004184
000441332
005281040
005284569
000101526
016137271
049800046
000005329
000077997
000041774
016131923
000002476
000444036
000002477
000004725
000022258
005362420
000216239
010107393
000150311
000000297
005359272
006604200
000000160
013559279
005362440
000002156
000005314
003010818
070683012
000031378
000003964
003083544
002723876
000064142
000003324
000004631
000002550
000003738
000003461
000003763
000009294
000003516
000004639
006714002
000024450
000023897
000004810
000003373
000002658
000005526
000060779
000001978
000447043
000247839
000001971
000003759
000060877
001548943
000163091
056603655
000001775
001548954
009898619
000004536
023689036
000148211
006178111
000003520
000002762
005280965
000657180
000000453
000119182
000477468
000060795
000003003
005311051
000004673
000010133
000047320
000004932
000005731
000005029
000065866
000441140
000065139
000073658
000001983
005479529
000054547
005284513
011235728
000000085
000002909
000003340
000005735
071306410
000003222
000003425
000038852
000071158
010113978
000004634
000031477
005289223
000002812
000002141
005281037
000032800
003003141
000002771
000066370
000002719
000443884
000005556
000005771
049800003
000171558
000084003
003036780
000154256
003001028
000667490
000006432
000054259
005460193
000055188
000004075
000083513
000444006
000444025
000028486
000003397
000004513
005280793
000039042
000003042
000060198
000107994
011626560
024965990
000135326
000119607
000219078
005702160
000023957
000441335
000006832
000657237
005487068
000197712
000005408
000033624
006918140
000449171
000004428
000005358
000156391
000004989
006435110
000002585
000057469
000004091
000104758
000064780
000012555
000005005
000016362
000002269
003005572
000000700
000000753
000003171
070695640
005353853
000004775
000077990
000004034
056841124
005327147
000030623
000016230
000002794
000014970
000001003
005386092
005282425
006434870
000000305
000002733
000005565
000063009
005311068
000006249
000104810
000213039
000003105
000042113
004659569
000000206
000185457
000443953
016133802
000005106
000004675
000009400
000062816
040468184
000071436
000006238
000003016
005488383
000009642
000003715
000003476
000044564
000443385
000060953
000004542
000002163
000047528
000061799
000050614
005462501
000003741
000082146
000517045
000002435
000002307
000002479
000005320
000174174
000104865
011722286
000023993
000002676
005329102
000005193
000004891
009800339
000062959
000005214
011228026
000065856
046181941
000027993
000216209
005311309
000005994
000065492
000009034
005311454
000004107
000004896
000044563
000009793
005282226
000004913
000003784
000441382
000003702
000026069
000005746
000108150
051601240
000003696
000036811
000004100
000005394
000068613
000005238
009579578
000003661
000443878
000039764
000062965
000003059
000003199
000004422
000060946
000036523
000439693
000003251
000005512
000003553
000005727
024776445
000000146
000007638
003032583
000060772
000023976
005284549
000002786
016129672
006918430
000003269
053320414
000002809
000063001
000060837
003085017
000004450
000005402
000003279
000055245
000011333
000446541
000004679
000104778
000004095
000002541
015951529
000004865
000004440
000121749
000060490
000010631
006321411
003000226
000074989
000003404
000014917
000002349
000002662
000002949
000657298
000017358
000003399
000219090
000005538
000107694
000000187
000125017
000003375
000004943
000004745
003002977
000004946
005463984
000005206
005281071
000003015
000489129
000158781
000008378
000441290
005284583
002723601
000003007
000004585
000040976
000150310
000005546
009838021
000004599
000031072
000000612
009552079
016129632
000071384
000002524
000006005
000002442
000060726
000005035
003062316
011949646
000057537
000055891
000000298
000018140
044564722
000000271
000110635
000032603
000004539
004517618
000004178
000002522
022834577
000000838
000001798
000005407
000005038
005352062
000003488
000002088
010182969
005462337
000002713
000003948
009854073
000003255
006437075
005280363
000003267
000054891
000004868
000003143
000096312
024812758
000000598
000002678
006328526
000071386
000018283
000004139
000003517
000054331
000004695
000009003
000444013
071306834
000040291
000060853
000078032
000004747
000002646
000008233
000061475
000156418
000151075
006714010
000123809
003032525
023690938
000129806
005281104
000114709
000026934
000054808
000039147
010482134
000002085
000003690
005282175
003034010
000002806
000020585
000003825
010220503
000060774
000003462
042611257
000009416
000222786
000042395
000006167
000005077
000002891
010077129
000065628
000002551
000003687
000004740
000005396
006477186
000071273
000000158
000060751
000084029
000002663
000005297
000002726
000060464
000005311
005458213
000004739
000002478
000000137
000003826
000072022
000010917
000054158
005311507
000151171
000149436
000003114
000004272
000005291
000025959
016130295
003080904
000003363
000003355
000037542
004479097
000002914
000038904
000004885
000002554
006918193
000005743
000656628
000000247
000015209
000002484
009825285
000005524
000002712
000000214
000003827
000009651
000005870
000444030
016131310
000941651
000060648
000004449
000003368
000002833
000004163
000003157
000060026
000024424
000008549
000069512
000001071
025126797
054686904
000005155
000002751
006433272
000037464
000060822
005311066
006918453
000005076
000002366
005280453
000004920
000005478
000037720
000060183
000002344
000060612
000006468
000007187
000012460
005361917
005362118
000004046
000010340
006326970
000054384
000022502
000026133
000071616
000060656
000003916
000005514
000082153
000060878
000002405
000001134
016132265
000077996
000104741
000119569
000450503
000005672
000441129
000060834
016130957
000029029
005311412
000077992
006440191
000005359
000451668
044134877
000032281
000004031
000006252
005360237
000062956
016132283
016129682
000005515
000003053
009831783
000039507
000001986
000001993
005284570
016134956
000005995
000002791
000941650
000009403
000006018
000001972
000005453
011947681
000060706
016139342
005360696
000072466
000002559
005281004
000004205
016019977
000060852
000033741
000008223
005381226
005280360
000005978
000445354
000003743
000053024
000003443
003034756
000004616
044462760
000006476
000004033
000072111
000004543
000004054
000003598
006328144
000006279
000168924
009568613
006331630
000041684
000446155
000060699
000004547
000003380
011556711
006509979
000004691
000003000
000005651
005481350
000042955
005362129
011499245
005288826
000004506
000259329
000004195
006398970
000040692
000149096
000056338
000057363
000004436
000060830
000004201
000002022
000004594
000443379
009811221
000002578
000002173
000000311
000002267
001349907
000003658
000003639
006003770
000037768
000160036
000003308
000041867
000241902
005280954
000003108
004630253
000003348
000119212
000073491
009571107
000006322
000464205
000005852
000176870
000005959
005281078
002826718
000034359
016130199
000002145
000023926
016158473
000148127
000003478
000005095
000004992
010034073
000003449
000002487
000065999
005280483
000004064
000060961
000003998
000003783
000003823
000004923
005362065
005359476
000123634
000004057
000047725
000135113
000029327
000164522
009831761
000147740
000003911
000005487
000441276
000446220
009831414
000072938
044201343
000002315
003086685
000005591
000060855
000110634
016132441
000004485
000002391
003081884
000123620
000003241
011450633
000004032
000003038
000000951
000003066
011020241
000003381
016129665
000005780
005388906
017754772
000003636
000443958
000003648
000005002
000445226
000012536
022451303
000004159
000003793
000129228
000064929
005281007
000054949
006918638
000005983
000005161
000006116
006918365
000003345
000002720
000026986
000004917
000003937
000002650
000003382
000004004
000023994
000208898
000003706
003325225
000003872
005311065
000004607
006435755
000033036
000034312
000005904
000064778
000004927
000003256
000002883
006333887
006708482
000071329
000003830
000064710
000060752
000003354
005479537
010178705
023668479
000006010
000002092
026275995
000012035
000443872
000000596
005742673
000032798
003002190
000002159
000002666
000055466
000060860
000126941
000000946
000003672
004369359
000065016
016065945
000002754
011593706
000001065
016126651
000002826
000002803
053477714
000444033
003055172
000119828
000004730
000002123
000004609
000159269
000005878
002724354
016129704
000005391
000003226
000091429
000002187
000005372
000153994
000051038
003038497
000060668
000179344
000036462
000006215
000000581
006850789
000003734
000005577
000004999
000005625
000006049
006918204
005311000
000004812
000065840
000123610
000001727
000002583
006436173
000002369
000003742
000005572
000003739
000002622
000040326
000040973
006915944
000152945
009868491
009941444
000015541
006918558
000000143
000071360
000052421
000060825
000450096
000005584
000005090
000047640
009960701
000005530
006918584
000000303
000003075
016129674
000441350
000000896
000006251
011504294
000073303
009871419
006480466
000002441
000003950
000004240
000001546
010096344
005282381
000004906
000002756
000003168
006850791
000007029
000005790
000009444
000006230
002724385
000000942
000160051
000002308
000216258
000003902
000002250
000005052
000005595
000002284
000006446
000128549
000489181
011672602
000016850
003006171
000004043
000000774
000000961
000213046
000000564
005488547
011505907
005281034
000045469
000050599
044567678
000003339
000031703
009924495
009865528
000004889
000005815
000016124
000003040
000064987
000002265
000013791
000005650
000031100
011672461
000036294
000002161
000005051
000005381
025181561
000004900
000019090
000039524
005464097
000002130
000147912
000003962
011597571
016129688
000004086
000003938
000002160
000013769
000024066
005311181
000383413
006451164
000054687
016157882
000004829
016129617
000002021
010163178
006436131
000004454
000004510
009875401
000004419
000000813
006433117
000004443
006533629
000005078
000005593
000015232
000005754
005311236
000446596
000062305
000002951
003081276
000071348
011561674
000005756
000004409
016132438
000003749
000003463
000001805
000688020
016131215
000016533
000031264
000042593
000005409
000027661
016139605
000023568
054676537
000023703
005324345
000168625
023652731
003032400
000054454
000004678
000104798
009846180
000002818
000004811
000002800
000005212
024847741
009930048
000004748
000062358
000003519
071306891
000047471
000005152
000005410
000018381
000123606
005388961
024762228
054677977
003081362
004659568
000010531
000005508
000000175
000003637
000003652
000039186
000129211
000005757
000005411
000124087
000005833
000040159
000041317
000004666
009810131
000021319
000003877
000002563
000007028
000059708
000003475
003086686
000002179
000003367
000003406
010184653
000005505
005281006
000024414
000003675
000158786
006453361
000003467
005251896
000003779
000002118
000000222
000004274
002733525
000123611
000003384
024847874
000004253
000166548
000051263
044564107
000004976
000002973
000000159
000056959
000009904
000003440
000002564
000002351
000004763
000041744
000032169
005486971
000004649
000022318
000468595
000002548
000107807
000446157
000071414
000026757
005282415
003007855
000449677
011658859
000153941
000000244
000031401
005284543
000005267
000005665
003052762
000708857
016136245
000455658
045487623
000002216
000077993
009926791
000445643
000004727
000449688
000121892
000002232
000004170
000060146
000002142
000004786
000055283
000005430
000006451
000002512
000005636
000005578
000004171
000043232
000441313
009881504
009794842
000005525
000062819
000003750
000050294
000003929
000004138
000014969
000004264
000004432
000002675
000037392
000008226
000083898
000003419
009578572
000003043
000003333
000123619
000460612
000003372
003034812
016213095
000219084
000005479
000002828
000005454
000005719
005281075
006917715
000000888
000005961
000003278
000002907
009854489
011519069
000002764
056842239
000003370
000221493
000005920
000003417
000005472
010028615
005281081
000004736
000005496
025081014
000092721
000003392
000072081
000040632
000175804
000029089
044146714
025077405
000043672
000003261
006918493
000005647
000104799
000035370
000004870
000012620
000021800
000005877
000005404
005362123
000004915
000005503
000065014
000024087
000003640
000004603
000004160
000004735
000005403
000315411
024950485
000005245
000005203
000003736
006918456
000004189
000041781
000002170
004479094
000004121
000216210
000441401
000115237
006433212
000000338
000054746
000003100
000145068
025077993
000001084
000064730
000002133
000004893
000054688
001548999
002761171
000001206
000004623
000065863
000003559
005353894
025244225
000014051
000060496
046216142
000192155
006335986
000130881
000020469
000042890
000003331
006540461
000028864
000004680
000005533
000004030
024821094
000005544
000002311
000005070
000008982
011597697
000004259
009852981
000163296
000439302
000003008
000002083
000059768
005282241
000068844
016129703
000157429
000002337
000002905
000132804
005282380
000009878
009940864
000000923
000004737
000131204
000000767
000000750
070683023
000020824
000004036
000016886
003086257
005360515
000053232
016130965
000002913
000005483
000005184
000005452
013559281
000000681
000005755
000055480
000065981
000004101
000448812
000165579
017754356
000003250
000011125
000060867
000123015
000644241
000003623
005310993
005353980
005742832
000060787
005284616
000002895
000452548
000102258
054682541
005484727
000131535
000001690
016004692
000208920
000003890
000003446
005329098
000004060
000065370
025077594
000023951
000213023
000060814
000003676
000028332
000020279
000002443
000002978
000004053
000004993
006918366
000004411
000011973
000003730
000004934
000004834
006450551
000057697
016129690
057396865
000005379
000443943
000004168
000004991
000054373
003052775
016132344
000193962
005001396
000148191
000002576
024822371
000123600
000004058
000023925
000005582
000005195
000123631
000059226
000003310
003033637
005328940
000002609
000013109
000016078
005361912
000010660
016156130
000004497
006324671
000004236
000002249
000002540
000028417
000003117
000004051
000004782
005284596
000004451
000005939
000005819
006918537
000002732
000023954
003011155
016158207
000006058
006321416
000003647
000004042
000060695
004474778
005362051
000003957
000392622
000005318
000005516
000002215
009812414
000002881
000002958
000005732
000005257
010324367
000123623
000208902
000004595
000004192
000007012
012993649
000003414
000002266
000004583
000005717
000157688
000004894
005480431
000003158
005284594
005282379
006435378
000003657
045267081
000002462
000012453
000004235
000015459
005284537
006918172
000004895
000003393
000005215
000003724
000127909
000148121
000004158
000004568
000444008
000003032
000064139
005361092
000443936
000151165
000216237
000071362
000004746
011243969
000005734
000000312
