  Mrv0541 02231216082D

155160  0  0  1  0            999 V2000
  -19.1798  -19.8286    0.0000 N   0  0  0  0  0  0  0  0  0  0  0  0
  -18.5326  -19.3169    0.0000 C   0  0  0  0  0  0  0  0  0  0  0  0
  -17.7659  -19.6216    0.0000 N   0  0  0  0  0  0  0  0  0  0  0  0
  -18.6521  -18.5006    0.0000 N   0  0  0  0  0  0  0  0  0  0  0  0
  -19.4188  -18.1960    0.0000 C   0  0  0  0  0  0  0  0  0  0  0  0
  -19.5383  -17.3797    0.0000 C   0  0  0  0  0  0  0  0  0  0  0  0
  -20.3050  -17.0751    0.0000 C   0  0  0  0  0  0  0  0  0  0  0  0
  -20.4245  -16.2588    0.0000 C   0  0  2  0  0  0  0  0  0  0  0  0
  -21.1912  -15.9541    0.0000 N   0  0  0  0  0  0  0  0  0  0  0  0
  -21.8384  -16.4658    0.0000 C   0  0  0  0  0  0  0  0  0  0  0  0
  -21.7189  -17.2821    0.0000 O   0  0  0  0  0  0  0  0  0  0  0  0
  -22.6051  -16.1611    0.0000 C   0  0  2  0  0  0  0  0  0  0  0  0
  -23.3022  -16.6023    0.0000 C   0  0  0  0  0  0  0  0  0  0  0  0
  -23.9372  -16.0757    0.0000 C   0  0  0  0  0  0  0  0  0  0  0  0
  -23.6326  -15.3090    0.0000 C   0  0  0  0  0  0  0  0  0  0  0  0
  -22.8093  -15.3618    0.0000 N   0  0  0  0  0  0  0  0  0  0  0  0
  -22.2826  -14.7268    0.0000 C   0  0  0  0  0  0  0  0  0  0  0  0
  -21.4693  -14.8653    0.0000 O   0  0  0  0  0  0  0  0  0  0  0  0
  -22.5692  -13.9531    0.0000 C   0  0  2  0  0  0  0  0  0  0  0  0
  -22.0426  -13.3181    0.0000 N   0  0  0  0  0  0  0  0  0  0  0  0
  -23.3825  -13.8146    0.0000 C   0  0  0  0  0  0  0  0  0  0  0  0
  -23.6691  -13.0409    0.0000 C   0  0  0  0  0  0  0  0  0  0  0  0
  -24.4824  -12.9024    0.0000 C   0  0  0  0  0  0  0  0  0  0  0  0
  -24.7690  -12.1288    0.0000 C   0  0  0  0  0  0  0  0  0  0  0  0
  -24.2424  -11.4937    0.0000 C   0  0  0  0  0  0  0  0  0  0  0  0
  -23.4291  -11.6323    0.0000 C   0  0  0  0  0  0  0  0  0  0  0  0
  -23.1425  -12.4059    0.0000 C   0  0  0  0  0  0  0  0  0  0  0  0
  -19.7773  -15.7471    0.0000 C   0  0  0  0  0  0  0  0  0  0  0  0
  -19.8969  -14.9308    0.0000 O   0  0  0  0  0  0  0  0  0  0  0  0
  -19.0106  -16.0518    0.0000 N   0  0  0  0  0  0  0  0  0  0  0  0
  -18.8065  -16.8511    0.0000 C   0  0  0  0  0  0  0  0  0  0  0  0
  -17.9832  -16.9039    0.0000 C   0  0  0  0  0  0  0  0  0  0  0  0
  -17.6785  -16.1372    0.0000 C   0  0  0  0  0  0  0  0  0  0  0  0
  -18.3135  -15.6106    0.0000 C   0  0  1  0  0  0  0  0  0  0  0  0
  -18.2607  -14.7872    0.0000 C   0  0  0  0  0  0  0  0  0  0  0  0
  -17.5213  -14.4213    0.0000 O   0  0  0  0  0  0  0  0  0  0  0  0
  -18.9473  -14.3299    0.0000 N   0  0  0  0  0  0  0  0  0  0  0  0
  -18.8945  -13.5065    0.0000 C   0  0  0  0  0  0  0  0  0  0  0  0
  -18.1551  -13.1406    0.0000 C   0  0  0  0  0  0  0  0  0  0  0  0
  -18.1023  -12.3173    0.0000 O   0  0  0  0  0  0  0  0  0  0  0  0
  -17.4685  -13.5980    0.0000 N   0  0  0  0  0  0  0  0  0  0  0  0
  -16.7291  -13.2321    0.0000 C   0  0  0  0  0  0  0  0  0  0  0  0
  -16.0425  -13.6895    0.0000 C   0  0  0  0  0  0  0  0  0  0  0  0
  -16.0953  -14.5128    0.0000 O   0  0  0  0  0  0  0  0  0  0  0  0
  -15.3031  -13.3236    0.0000 N   0  0  0  0  0  0  0  0  0  0  0  0
  -14.6165  -13.7810    0.0000 C   0  0  0  0  0  0  0  0  0  0  0  0
  -13.8771  -13.4151    0.0000 C   0  0  0  0  0  0  0  0  0  0  0  0
  -13.8242  -12.5918    0.0000 O   0  0  0  0  0  0  0  0  0  0  0  0
  -13.1905  -13.8725    0.0000 N   0  0  0  0  0  0  0  0  0  0  0  0
  -12.4510  -13.5065    0.0000 C   0  0  0  0  0  0  0  0  0  0  0  0
  -11.7644  -13.9639    0.0000 C   0  0  0  0  0  0  0  0  0  0  0  0
  -11.8173  -14.7872    0.0000 O   0  0  0  0  0  0  0  0  0  0  0  0
  -11.0250  -13.5980    0.0000 N   0  0  0  0  0  0  0  0  0  0  0  0
  -10.3384  -14.0554    0.0000 C   0  0  1  0  0  0  0  0  0  0  0  0
  -10.3912  -14.8787    0.0000 C   0  0  0  0  0  0  0  0  0  0  0  0
   -9.7047  -15.3361    0.0000 C   0  0  0  0  0  0  0  0  0  0  0  0
   -9.7575  -16.1594    0.0000 N   0  0  0  0  0  0  0  0  0  0  0  0
   -8.9652  -14.9702    0.0000 O   0  0  0  0  0  0  0  0  0  0  0  0
   -9.5990  -13.6895    0.0000 C   0  0  0  0  0  0  0  0  0  0  0  0
   -9.5462  -12.8662    0.0000 O   0  0  0  0  0  0  0  0  0  0  0  0
   -8.9124  -14.1469    0.0000 N   0  0  0  0  0  0  0  0  0  0  0  0
   -8.1730  -13.7810    0.0000 C   0  0  0  0  0  0  0  0  0  0  0  0
   -7.4864  -14.2384    0.0000 C   0  0  0  0  0  0  0  0  0  0  0  0
   -7.5392  -15.0617    0.0000 O   0  0  0  0  0  0  0  0  0  0  0  0
   -6.7470  -13.8725    0.0000 N   0  0  0  0  0  0  0  0  0  0  0  0
   -6.0604  -14.3299    0.0000 C   0  0  1  0  0  0  0  0  0  0  0  0
   -6.1132  -15.1532    0.0000 C   0  0  0  0  0  0  0  0  0  0  0  0
   -5.4266  -15.6106    0.0000 C   0  0  0  0  0  0  0  0  0  0  0  0
   -5.4794  -16.4339    0.0000 O   0  0  0  0  0  0  0  0  0  0  0  0
   -4.6872  -15.2446    0.0000 O   0  0  0  0  0  0  0  0  0  0  0  0
   -5.3210  -13.9639    0.0000 C   0  0  0  0  0  0  0  0  0  0  0  0
   -5.2682  -13.1406    0.0000 O   0  0  0  0  0  0  0  0  0  0  0  0
   -4.6344  -14.4213    0.0000 N   0  0  0  0  0  0  0  0  0  0  0  0
   -3.8950  -14.0554    0.0000 C   0  0  1  0  0  0  0  0  0  0  0  0
   -3.2084  -14.5128    0.0000 C   0  0  0  0  0  0  0  0  0  0  0  0
   -3.2612  -15.3361    0.0000 C   0  0  0  0  0  0  0  0  0  0  0  0
   -2.5746  -15.7935    0.0000 C   0  0  0  0  0  0  0  0  0  0  0  0
   -2.6274  -16.6168    0.0000 C   0  0  0  0  0  0  0  0  0  0  0  0
   -3.3668  -16.9827    0.0000 C   0  0  0  0  0  0  0  0  0  0  0  0
   -4.0534  -16.5253    0.0000 C   0  0  0  0  0  0  0  0  0  0  0  0
   -4.0006  -15.7020    0.0000 C   0  0  0  0  0  0  0  0  0  0  0  0
   -3.8422  -13.2321    0.0000 C   0  0  0  0  0  0  0  0  0  0  0  0
   -4.5288  -12.7747    0.0000 O   0  0  0  0  0  0  0  0  0  0  0  0
   -3.1027  -12.8662    0.0000 N   0  0  0  0  0  0  0  0  0  0  0  0
   -2.4162  -13.3236    0.0000 C   0  0  1  0  0  0  0  0  0  0  0  0
   -2.4690  -14.1469    0.0000 C   0  0  0  0  0  0  0  0  0  0  0  0
   -1.7824  -14.6043    0.0000 C   0  0  0  0  0  0  0  0  0  0  0  0
   -1.8352  -15.4276    0.0000 C   0  0  0  0  0  0  0  0  0  0  0  0
   -2.2183  -16.1582    0.0000 O   0  0  0  0  0  0  0  0  0  0  0  0
   -1.1486  -15.8850    0.0000 O   0  0  0  0  0  0  0  0  0  0  0  0
   -1.6767  -12.9577    0.0000 C   0  0  0  0  0  0  0  0  0  0  0  0
   -1.6239  -12.1344    0.0000 O   0  0  0  0  0  0  0  0  0  0  0  0
   -0.9901  -13.4151    0.0000 N   0  0  0  0  0  0  0  0  0  0  0  0
   -0.2507  -13.0492    0.0000 C   0  0  1  0  0  0  0  0  0  0  0  0
   -0.1979  -12.2258    0.0000 C   0  0  0  0  0  0  0  0  0  0  0  0
    0.5415  -11.8599    0.0000 C   0  0  0  0  0  0  0  0  0  0  0  0
    0.5943  -11.0366    0.0000 C   0  0  0  0  0  0  0  0  0  0  0  0
   -0.0923  -10.5792    0.0000 O   0  0  0  0  0  0  0  0  0  0  0  0
    1.3337  -10.6707    0.0000 O   0  0  0  0  0  0  0  0  0  0  0  0
    0.4359  -13.5065    0.0000 C   0  0  0  0  0  0  0  0  0  0  0  0
    0.3831  -14.3299    0.0000 O   0  0  0  0  0  0  0  0  0  0  0  0
    1.1753  -13.1406    0.0000 N   0  0  0  0  0  0  0  0  0  0  0  0
    1.8619  -13.5980    0.0000 C   0  0  1  0  0  0  0  0  0  0  0  0
    1.8091  -14.4213    0.0000 C   0  0  1  0  0  0  0  0  0  0  0  0
    2.4957  -14.8787    0.0000 C   0  0  0  0  0  0  0  0  0  0  0  0
    1.0697  -14.7872    0.0000 C   0  0  0  0  0  0  0  0  0  0  0  0
    1.0168  -15.6106    0.0000 C   0  0  0  0  0  0  0  0  0  0  0  0
    2.6013  -13.2321    0.0000 C   0  0  0  0  0  0  0  0  0  0  0  0
    2.6541  -12.4088    0.0000 O   0  0  0  0  0  0  0  0  0  0  0  0
    3.2879  -13.6895    0.0000 N   0  0  0  0  0  0  0  0  0  0  0  0
    3.3214  -14.5138    0.0000 C   0  0  0  0  0  0  0  0  0  0  0  0
    4.1158  -14.7367    0.0000 C   0  0  0  0  0  0  0  0  0  0  0  0
    4.5732  -14.0501    0.0000 C   0  0  0  0  0  0  0  0  0  0  0  0
    4.0615  -13.4029    0.0000 C   0  0  1  0  0  0  0  0  0  0  0  0
    4.2843  -12.6085    0.0000 C   0  0  0  0  0  0  0  0  0  0  0  0
    5.0837  -12.4044    0.0000 O   0  0  0  0  0  0  0  0  0  0  0  0
    3.7078  -12.0184    0.0000 N   0  0  0  0  0  0  0  0  0  0  0  0
    3.9307  -11.2241    0.0000 C   0  0  1  0  0  0  0  0  0  0  0  0
    4.7300  -11.0199    0.0000 C   0  0  0  0  0  0  0  0  0  0  0  0
    4.9528  -10.2255    0.0000 C   0  0  0  0  0  0  0  0  0  0  0  0
    5.7522  -10.0214    0.0000 C   0  0  0  0  0  0  0  0  0  0  0  0
    5.9750   -9.2270    0.0000 O   0  0  0  0  0  0  0  0  0  0  0  0
    6.3287  -10.6115    0.0000 O   0  0  0  0  0  0  0  0  0  0  0  0
    3.3542  -10.6339    0.0000 C   0  0  0  0  0  0  0  0  0  0  0  0
    2.5548  -10.8381    0.0000 O   0  0  0  0  0  0  0  0  0  0  0  0
    3.5770   -9.8396    0.0000 N   0  0  0  0  0  0  0  0  0  0  0  0
    3.0005   -9.2494    0.0000 C   0  0  1  0  0  0  0  0  0  0  0  0
    2.2012   -9.4536    0.0000 C   0  0  0  0  0  0  0  0  0  0  0  0
    1.6247   -8.8635    0.0000 C   0  0  0  0  0  0  0  0  0  0  0  0
    0.8254   -9.0676    0.0000 C   0  0  0  0  0  0  0  0  0  0  0  0
    0.6025   -9.8620    0.0000 O   0  0  0  0  0  0  0  0  0  0  0  0
    0.2489   -8.4775    0.0000 O   0  0  0  0  0  0  0  0  0  0  0  0
    3.2234   -8.4551    0.0000 C   0  0  0  0  0  0  0  0  0  0  0  0
    4.0227   -8.2509    0.0000 O   0  0  0  0  0  0  0  0  0  0  0  0
    2.6469   -7.8649    0.0000 N   0  0  0  0  0  0  0  0  0  0  0  0
    2.8697   -7.0706    0.0000 C   0  0  1  0  0  0  0  0  0  0  0  0
    3.6690   -6.8664    0.0000 C   0  0  0  0  0  0  0  0  0  0  0  0
    3.8919   -6.0721    0.0000 C   0  0  0  0  0  0  0  0  0  0  0  0
    3.3154   -5.4819    0.0000 C   0  0  0  0  0  0  0  0  0  0  0  0
    3.5382   -4.6876    0.0000 C   0  0  0  0  0  0  0  0  0  0  0  0
    4.3375   -4.4834    0.0000 C   0  0  0  0  0  0  0  0  0  0  0  0
    4.5604   -3.6891    0.0000 O   0  0  0  0  0  0  0  0  0  0  0  0
    4.9140   -5.0736    0.0000 C   0  0  0  0  0  0  0  0  0  0  0  0
    4.6912   -5.8679    0.0000 C   0  0  0  0  0  0  0  0  0  0  0  0
    2.2932   -6.4805    0.0000 C   0  0  0  0  0  0  0  0  0  0  0  0
    1.4939   -6.6846    0.0000 O   0  0  0  0  0  0  0  0  0  0  0  0
    2.5160   -5.6861    0.0000 N   0  0  0  0  0  0  0  0  0  0  0  0
    1.9395   -5.0960    0.0000 C   0  0  1  0  0  0  0  0  0  0  0  0
    2.1624   -4.3016    0.0000 C   0  0  0  0  0  0  0  0  0  0  0  0
    1.5859   -3.7115    0.0000 C   0  0  0  0  0  0  0  0  0  0  0  0
    0.7865   -3.9157    0.0000 C   0  0  0  0  0  0  0  0  0  0  0  0
    1.8087   -2.9171    0.0000 C   0  0  0  0  0  0  0  0  0  0  0  0
    1.1402   -5.3002    0.0000 C   0  0  0  0  0  0  0  0  0  0  0  0
    0.5637   -4.7100    0.0000 O   0  0  0  0  0  0  0  0  0  0  0  0
    0.9174   -6.0945    0.0000 O   0  0  0  0  0  0  0  0  0  0  0  0
  1  2  2  0  0  0  0
  2  3  1  0  0  0  0
  2  4  1  0  0  0  0
  4  5  1  0  0  0  0
  5  6  1  0  0  0  0
  6  7  1  0  0  0  0
  7  8  1  0  0  0  0
  8  9  1  6  0  0  0
  9 10  1  0  0  0  0
 10 11  2  0  0  0  0
 12 10  1  6  0  0  0
 12 13  1  0  0  0  0
 13 14  1  0  0  0  0
 14 15  1  0  0  0  0
 15 16  1  0  0  0  0
 12 16  1  0  0  0  0
 16 17  1  0  0  0  0
 17 18  2  0  0  0  0
 17 19  1  0  0  0  0
 19 20  1  1  0  0  0
 19 21  1  0  0  0  0
 21 22  1  0  0  0  0
 22 23  2  0  0  0  0
 23 24  1  0  0  0  0
 24 25  2  0  0  0  0
 25 26  1  0  0  0  0
 26 27  2  0  0  0  0
 22 27  1  0  0  0  0
  8 28  1  0  0  0  0
 28 29  2  0  0  0  0
 28 30  1  0  0  0  0
 30 31  1  0  0  0  0
 31 32  1  0  0  0  0
 32 33  1  0  0  0  0
 33 34  1  0  0  0  0
 30 34  1  0  0  0  0
 34 35  1  6  0  0  0
 35 36  2  0  0  0  0
 35 37  1  0  0  0  0
 37 38  1  0  0  0  0
 38 39  1  0  0  0  0
 39 40  2  0  0  0  0
 39 41  1  0  0  0  0
 41 42  1  0  0  0  0
 42 43  1  0  0  0  0
 43 44  2  0  0  0  0
 43 45  1  0  0  0  0
 45 46  1  0  0  0  0
 46 47  1  0  0  0  0
 47 48  2  0  0  0  0
 47 49  1  0  0  0  0
 49 50  1  0  0  0  0
 50 51  1  0  0  0  0
 51 52  2  0  0  0  0
 51 53  1  0  0  0  0
 54 53  1  6  0  0  0
 54 55  1  0  0  0  0
 55 56  1  0  0  0  0
 56 57  1  0  0  0  0
 56 58  2  0  0  0  0
 54 59  1  0  0  0  0
 59 60  2  0  0  0  0
 59 61  1  0  0  0  0
 61 62  1  0  0  0  0
 62 63  1  0  0  0  0
 63 64  2  0  0  0  0
 63 65  1  0  0  0  0
 66 65  1  6  0  0  0
 66 67  1  0  0  0  0
 67 68  1  0  0  0  0
 68 69  1  0  0  0  0
 68 70  2  0  0  0  0
 66 71  1  0  0  0  0
 71 72  2  0  0  0  0
 71 73  1  0  0  0  0
 74 73  1  6  0  0  0
 74 75  1  0  0  0  0
 75 76  1  0  0  0  0
 76 77  2  0  0  0  0
 77 78  1  0  0  0  0
 78 79  2  0  0  0  0
 79 80  1  0  0  0  0
 80 81  2  0  0  0  0
 76 81  1  0  0  0  0
 74 82  1  0  0  0  0
 82 83  2  0  0  0  0
 82 84  1  0  0  0  0
 85 84  1  6  0  0  0
 85 86  1  0  0  0  0
 86 87  1  0  0  0  0
 87 88  1  0  0  0  0
 88 89  1  0  0  0  0
 88 90  2  0  0  0  0
 85 91  1  0  0  0  0
 91 92  2  0  0  0  0
 91 93  1  0  0  0  0
 94 93  1  1  0  0  0
 94 95  1  0  0  0  0
 95 96  1  0  0  0  0
 96 97  1  0  0  0  0
 97 98  1  0  0  0  0
 97 99  2  0  0  0  0
 94100  1  0  0  0  0
100101  2  0  0  0  0
100102  1  0  0  0  0
103102  1  6  0  0  0
103104  1  0  0  0  0
104105  1  1  0  0  0
104106  1  0  0  0  0
106107  1  0  0  0  0
103108  1  0  0  0  0
108109  2  0  0  0  0
108110  1  0  0  0  0
110111  1  0  0  0  0
111112  1  0  0  0  0
112113  1  0  0  0  0
113114  1  0  0  0  0
110114  1  0  0  0  0
114115  1  6  0  0  0
115116  2  0  0  0  0
115117  1  0  0  0  0
118117  1  6  0  0  0
118119  1  0  0  0  0
119120  1  0  0  0  0
120121  1  0  0  0  0
121122  1  0  0  0  0
121123  2  0  0  0  0
118124  1  0  0  0  0
124125  2  0  0  0  0
124126  1  0  0  0  0
127126  1  1  0  0  0
127128  1  0  0  0  0
128129  1  0  0  0  0
129130  1  0  0  0  0
130131  1  0  0  0  0
130132  2  0  0  0  0
127133  1  0  0  0  0
133134  2  0  0  0  0
133135  1  0  0  0  0
136135  1  6  0  0  0
136137  1  0  0  0  0
137138  1  0  0  0  0
138139  2  0  0  0  0
139140  1  0  0  0  0
140141  2  0  0  0  0
141142  1  0  0  0  0
141143  1  0  0  0  0
143144  2  0  0  0  0
138144  1  0  0  0  0
136145  1  0  0  0  0
145146  2  0  0  0  0
145147  1  0  0  0  0
148147  1  6  0  0  0
148149  1  0  0  0  0
149150  1  0  0  0  0
150151  1  0  0  0  0
150152  1  0  0  0  0
148153  1  0  0  0  0
153154  1  0  0  0  0
153155  2  0  0  0  0
M  END
> <DATABASE_ID>
DB00006

> <DATABASE_NAME>
drugbank

> <SMILES>
CC[C@H](C)[C@H](NC(=O)[C@H](CCC(O)=O)NC(=O)[C@H](CCC(O)=O)NC(=O)[C@H](CC1=CC=CC=C1)NC(=O)[C@H](CC(O)=O)NC(=O)CNC(=O)[C@H](CC(N)=O)NC(=O)CNC(=O)CNC(=O)CNC(=O)CNC(=O)[C@@H]1CCCN1C(=O)[C@H](CCCNC(N)=N)NC(=O)[C@@H]1CCCN1C(=O)[C@H](N)CC1=CC=CC=C1)C(=O)N1CCC[C@H]1C(=O)N[C@@H](CCC(O)=O)C(=O)N[C@@H](CCC(O)=O)C(=O)N[C@@H](CC1=CC=C(O)C=C1)C(=O)N[C@@H](CC(C)C)C(O)=O

> <INCHI_IDENTIFIER>
InChI=1S/C98H138N24O33/c1-5-52(4)82(96(153)122-39-15-23-70(122)92(149)114-60(30-34-79(134)135)85(142)111-59(29-33-78(132)133)86(143)116-64(43-55-24-26-56(123)27-25-55)89(146)118-67(97(154)155)40-51(2)3)119-87(144)61(31-35-80(136)137)112-84(141)58(28-32-77(130)131)113-88(145)63(42-54-18-10-7-11-19-54)117-90(147)66(45-81(138)139)110-76(129)50-107-83(140)65(44-71(100)124)109-75(128)49-106-73(126)47-104-72(125)46-105-74(127)48-108-91(148)68-21-13-38-121(68)95(152)62(20-12-36-103-98(101)102)115-93(150)69-22-14-37-120(69)94(151)57(99)41-53-16-8-6-9-17-53/h6-11,16-19,24-27,51-52,57-70,82,123H,5,12-15,20-23,28-50,99H2,1-4H3,(H2,100,124)(H,104,125)(H,105,127)(H,106,126)(H,107,140)(H,108,148)(H,109,128)(H,110,129)(H,111,142)(H,112,141)(H,113,145)(H,114,149)(H,115,150)(H,116,143)(H,117,147)(H,118,146)(H,119,144)(H,130,131)(H,132,133)(H,134,135)(H,136,137)(H,138,139)(H,154,155)(H4,101,102,103)/t52-,57+,58-,59-,60-,61-,62-,63-,64-,65-,66-,67-,68-,69-,70-,82-/m0/s1

> <INCHI_KEY>
OIRCOABEOLEUMC-GEJPAHFPSA-N

> <FORMULA>
C98H138N24O33

> <MOLECULAR_WEIGHT>
2180.2853

> <EXACT_MASS>
2178.985813062

> <JCHEM_ACCEPTOR_COUNT>
37

> <JCHEM_AVERAGE_POLARIZABILITY>
215.45560313091494

> <JCHEM_BIOAVAILABILITY>
0

> <JCHEM_DONOR_COUNT>
28

> <JCHEM_FORMAL_CHARGE>
0

> <JCHEM_GHOSE_FILTER>
0

> <JCHEM_IUPAC>
(4S)-4-[(2S)-2-[(2S)-2-[(2S)-2-{2-[(2S)-2-(2-{2-[2-(2-{[(2S)-1-[(2S)-2-{[(2S)-1-[(2R)-2-amino-3-phenylpropanoyl]pyrrolidin-2-yl]formamido}-5-carbamimidamidopentanoyl]pyrrolidin-2-yl]formamido}acetamido)acetamido]acetamido}acetamido)-3-carbamoylpropanamido]acetamido}-3-carboxypropanamido]-3-phenylpropanamido]-4-carboxybutanamido]-4-{[(2S,3S)-1-[(2S)-2-{[(1S)-3-carboxy-1-{[(1S)-3-carboxy-1-{[(1S)-1-{[(1S)-1-carboxy-3-methylbutyl]carbamoyl}-2-(4-hydroxyphenyl)ethyl]carbamoyl}propyl]carbamoyl}propyl]carbamoyl}pyrrolidin-1-yl]-3-methyl-1-oxopentan-2-yl]carbamoyl}butanoic acid

> <ALOGPS_LOGP>
-0.76

> <JCHEM_LOGP>
-14.345512778557275

> <ALOGPS_LOGS>
-4.67

> <JCHEM_MDDR_LIKE_RULE>
1

> <JCHEM_NUMBER_OF_RINGS>
6

> <JCHEM_PHYSIOLOGICAL_CHARGE>
-4

> <JCHEM_PKA>
3.177101336420163

> <JCHEM_PKA_STRONGEST_ACIDIC>
2.7944312684415116

> <JCHEM_PKA_STRONGEST_BASIC>
11.878406919439332

> <JCHEM_POLAR_SURFACE_AREA>
901.5700000000003

> <JCHEM_REFRACTIVITY>
543.3342000000006

> <JCHEM_ROTATABLE_BOND_COUNT>
66

> <JCHEM_RULE_OF_FIVE>
0

> <ALOGPS_SOLUBILITY>
4.64e-02 g/l

> <JCHEM_TRADITIONAL_IUPAC>
bivalirudin

> <JCHEM_VEBER_RULE>
0

> <DRUGBANK_ID>
DB00006

> <SECONDARY_ACCESSION_NUMBERS>
BTD00076; EXPT03302; BIOD00076; DB02351

> <DRUG_GROUPS>
approved; investigational

> <GENERIC_NAME>
Bivalirudin

> <SYNONYMS>
Bivalirudina; Bivalirudinum; Hirulog

> <PRODUCTS>
Angiomax; Bivalirudin; Bivalirudin for Injection

$$$$
[NO NAME]
  Mrv0541 04221219462D
Created with ChemWriter - http://chemwriter.com
 91 96  0  0  1  0            999 V2000
   12.8548   -2.6382    0.0000 O   0  0  0  0  0  0  0  0  0  0  0  0
   13.9726   -2.5226    0.0000 O   0  0  0  0  0  0  0  0  0  0  0  0
   10.1766   -3.9327    0.0000 O   0  0  0  0  0  0  0  0  0  0  0  0
   11.2019   -0.7961    0.0000 O   0  0  0  0  0  0  0  0  0  0  0  0
    8.7800   -1.3064    0.0000 O   0  0  0  0  0  0  0  0  0  0  0  0
   16.8589   -3.2421    0.0000 O   0  0  0  0  0  0  0  0  0  0  0  0
   10.3562    1.2163    0.0000 O   0  0  0  0  0  0  0  0  0  0  0  0
    3.2702    4.8341    0.0000 O   0  0  0  0  0  0  0  0  0  0  0  0
    2.3500    8.2734    0.0000 O   0  0  0  0  0  0  0  0  0  0  0  0
    3.8213    4.2201    0.0000 O   0  0  0  0  0  0  0  0  0  0  0  0
    5.2178    1.5938    0.0000 O   0  0  0  0  0  0  0  0  0  0  0  0
    7.8960    2.8883    0.0000 O   0  0  0  0  0  0  0  0  0  0  0  0
    7.1271    0.5358    0.0000 O   0  0  0  0  0  0  0  0  0  0  0  0
   12.4834    3.1249    0.0000 O   0  0  0  0  0  0  0  0  0  0  0  0
   13.1495   -4.0364    0.0000 N   0  0  0  0  0  0  0  0  0  0  0  0
   11.2402   -2.9784    0.0000 N   0  0  0  0  0  0  0  0  0  0  0  0
   15.2089   -3.2393    0.0000 N   0  0  0  0  0  0  0  0  0  0  0  0
   10.1383   -1.7503    0.0000 N   0  0  0  0  0  0  0  0  0  0  0  0
   15.6226   -2.5255    0.0000 N   0  0  0  0  0  0  0  0  0  0  0  0
   12.3806   -6.3890    0.0000 N   0  0  0  0  0  0  0  0  0  0  0  0
    9.2926    0.2619    0.0000 N   0  0  0  0  0  0  0  0  0  0  0  0
    3.1485    7.0391    0.0000 N   0  0  0  0  0  0  0  0  0  0  0  0
    4.3338    5.7884    0.0000 N   0  0  0  0  0  0  0  0  0  0  0  0
   16.8613   -1.8132    0.0000 N   0  0  0  0  0  0  0  0  0  0  0  0
    8.1907    1.4900    0.0000 N   0  0  0  0  0  0  0  0  0  0  0  0
    5.1795    3.7761    0.0000 N   0  0  0  0  0  0  0  0  0  0  0  0
    6.2814    2.5480    0.0000 N   0  0  0  0  0  0  0  0  0  0  0  0
   11.3170   -7.3433    0.0000 N   0  0  0  0  0  0  0  0  0  0  0  0
   12.6753   -7.7873    0.0000 N   0  0  0  0  0  0  0  0  0  0  0  0
    3.8596    0.7098    0.0000 N   0  0  0  0  0  0  0  0  0  0  0  0
    6.7335    6.3823    0.0000 N   0  0  0  0  0  0  0  0  0  0  0  0
    5.9507    7.4636    0.0000 N   0  0  0  0  0  0  0  0  0  0  0  0
   13.9701   -3.9516    0.0000 C   0  0  1  0  0  0  0  0  0  0  0  0
   14.3043   -4.7058    0.0000 C   0  0  0  0  0  0  0  0  0  0  0  0
   13.6903   -5.2569    0.0000 C   0  0  0  0  0  0  0  0  0  0  0  0
   12.9766   -4.8431    0.0000 C   0  0  0  0  0  0  0  0  0  0  0  0
   12.5984   -3.4224    0.0000 C   0  0  0  0  0  0  0  0  0  0  0  0
   11.7912   -3.5925    0.0000 C   0  0  2  0  0  0  0  0  0  0  0  0
   14.3838   -3.2378    0.0000 C   0  0  0  0  0  0  0  0  0  0  0  0
   11.5349   -4.3767    0.0000 C   0  0  0  0  0  0  0  0  0  0  0  0
   12.0859   -4.9907    0.0000 C   0  0  0  0  0  0  0  0  0  0  0  0
    9.8819   -2.5345    0.0000 C   0  0  2  0  0  0  0  0  0  0  0  0
   10.4330   -3.1486    0.0000 C   0  0  0  0  0  0  0  0  0  0  0  0
    9.0747   -2.7046    0.0000 C   0  0  0  0  0  0  0  0  0  0  0  0
    8.8184   -3.4889    0.0000 C   0  0  0  0  0  0  0  0  0  0  0  0
   11.8295   -5.7750    0.0000 C   0  0  0  0  0  0  0  0  0  0  0  0
    8.0112   -3.6590    0.0000 C   0  0  0  0  0  0  0  0  0  0  0  0
    9.3694   -4.1029    0.0000 C   0  0  0  0  0  0  0  0  0  0  0  0
    9.5873   -1.1363    0.0000 C   0  0  0  0  0  0  0  0  0  0  0  0
    9.8436   -0.3521    0.0000 C   0  0  1  0  0  0  0  0  0  0  0  0
   10.6509   -0.1820    0.0000 C   0  0  0  0  0  0  0  0  0  0  0  0
   16.4476   -2.5269    0.0000 C   0  0  0  0  0  0  0  0  0  0  0  0
    2.9756    6.2324    0.0000 C   0  0  1  0  0  0  0  0  0  0  0  0
   12.0091   -0.6259    0.0000 C   0  0  0  0  0  0  0  0  0  0  0  0
    8.9979    1.6602    0.0000 C   0  0  2  0  0  0  0  0  0  0  0  0
    9.5489    1.0461    0.0000 C   0  0  0  0  0  0  0  0  0  0  0  0
   12.1242   -7.1732    0.0000 C   0  0  0  0  0  0  0  0  0  0  0  0
    2.1549    6.1475    0.0000 C   0  0  0  0  0  0  0  0  0  0  0  0
    4.8848    5.1744    0.0000 C   0  0  1  0  0  0  0  0  0  0  0  0
    4.9232    2.9920    0.0000 C   0  0  1  0  0  0  0  0  0  0  0  0
    1.8207    6.9019    0.0000 C   0  0  0  0  0  0  0  0  0  0  0  0
    9.2542    2.4444    0.0000 C   0  0  0  0  0  0  0  0  0  0  0  0
    4.1159    2.8219    0.0000 C   0  0  0  0  0  0  0  0  0  0  0  0
    3.5266    5.6183    0.0000 C   0  0  0  0  0  0  0  0  0  0  0  0
    2.4348    7.4528    0.0000 C   0  0  0  0  0  0  0  0  0  0  0  0
    5.6921    5.3445    0.0000 C   0  0  0  0  0  0  0  0  0  0  0  0
    6.8324    1.9340    0.0000 C   0  0  2  0  0  0  0  0  0  0  0  0
    4.6285    4.3902    0.0000 C   0  0  0  0  0  0  0  0  0  0  0  0
   12.1793   -1.4332    0.0000 C   0  0  0  0  0  0  0  0  0  0  0  0
   12.8164   -0.4557    0.0000 C   0  0  0  0  0  0  0  0  0  0  0  0
   11.8389    0.1814    0.0000 C   0  0  0  0  0  0  0  0  0  0  0  0
    3.8596    2.0376    0.0000 C   0  0  0  0  0  0  0  0  0  0  0  0
    5.4742    2.3779    0.0000 C   0  0  0  0  0  0  0  0  0  0  0  0
    7.6397    2.1041    0.0000 C   0  0  0  0  0  0  0  0  0  0  0  0
   10.0615    2.6145    0.0000 C   0  0  0  0  0  0  0  0  0  0  0  0
    3.0790    1.7862    0.0000 C   0  0  0  0  0  0  0  0  0  0  0  0
    5.9484    6.1287    0.0000 C   0  0  0  0  0  0  0  0  0  0  0  0
    4.3411    1.3737    0.0000 C   0  0  0  0  0  0  0  0  0  0  0  0
    3.0790    0.9612    0.0000 C   0  0  0  0  0  0  0  0  0  0  0  0
    6.5761    1.1498    0.0000 C   0  0  0  0  0  0  0  0  0  0  0  0
    2.3645    2.1987    0.0000 C   0  0  0  0  0  0  0  0  0  0  0  0
   10.3178    3.3987    0.0000 C   0  0  0  0  0  0  0  0  0  0  0  0
   10.6125    2.0005    0.0000 C   0  0  0  0  0  0  0  0  0  0  0  0
    2.3645    0.5487    0.0000 C   0  0  0  0  0  0  0  0  0  0  0  0
    5.4646    6.7970    0.0000 C   0  0  0  0  0  0  0  0  0  0  0  0
    1.6500    1.7862    0.0000 C   0  0  0  0  0  0  0  0  0  0  0  0
    1.6500    0.9612    0.0000 C   0  0  0  0  0  0  0  0  0  0  0  0
   11.1251    3.5688    0.0000 C   0  0  0  0  0  0  0  0  0  0  0  0
   11.4198    2.1706    0.0000 C   0  0  0  0  0  0  0  0  0  0  0  0
    6.7349    7.2073    0.0000 C   0  0  0  0  0  0  0  0  0  0  0  0
   11.6761    2.9548    0.0000 C   0  0  0  0  0  0  0  0  0  0  0  0
  1 37  2  0  0  0  0
  2 39  2  0  0  0  0
  3 43  2  0  0  0  0
  4 51  1  0  0  0  0
  4 54  1  0  0  0  0
  5 49  2  0  0  0  0
  6 52  2  0  0  0  0
  7 56  2  0  0  0  0
  8 64  2  0  0  0  0
  9 65  2  0  0  0  0
 10 68  2  0  0  0  0
 11 73  2  0  0  0  0
 12 74  2  0  0  0  0
 13 80  1  0  0  0  0
 14 91  1  0  0  0  0
 15 33  1  0  0  0  0
 15 36  1  0  0  0  0
 15 37  1  0  0  0  0
 38 16  1  6  0  0  0
 16 43  1  0  0  0  0
 17 19  1  0  0  0  0
 17 39  1  0  0  0  0
 42 18  1  6  0  0  0
 18 49  1  0  0  0  0
 19 52  1  0  0  0  0
 20 46  1  0  0  0  0
 20 57  2  0  0  0  0
 50 21  1  6  0  0  0
 21 56  1  0  0  0  0
 22 53  1  0  0  0  0
 22 65  1  0  0  0  0
 59 23  1  1  0  0  0
 23 64  1  0  0  0  0
 24 52  1  0  0  0  0
 55 25  1  1  0  0  0
 25 74  1  0  0  0  0
 60 26  1  6  0  0  0
 26 68  1  0  0  0  0
 67 27  1  6  0  0  0
 27 73  1  0  0  0  0
 28 57  1  0  0  0  0
 29 57  1  0  0  0  0
 30 78  1  0  0  0  0
 30 79  1  0  0  0  0
 31 77  1  0  0  0  0
 31 90  1  0  0  0  0
 32 85  1  0  0  0  0
 32 90  2  0  0  0  0
 33 34  1  0  0  0  0
 33 39  1  6  0  0  0
 34 35  1  0  0  0  0
 35 36  1  0  0  0  0
 37 38  1  0  0  0  0
 38 40  1  0  0  0  0
 40 41  1  0  0  0  0
 41 46  1  0  0  0  0
 42 43  1  0  0  0  0
 42 44  1  0  0  0  0
 44 45  1  0  0  0  0
 45 47  1  0  0  0  0
 45 48  1  0  0  0  0
 49 50  1  0  0  0  0
 50 51  1  0  0  0  0
 53 58  1  0  0  0  0
 53 64  1  6  0  0  0
 54 69  1  0  0  0  0
 54 70  1  0  0  0  0
 54 71  1  0  0  0  0
 55 56  1  0  0  0  0
 55 62  1  0  0  0  0
 58 61  1  0  0  0  0
 59 66  1  0  0  0  0
 59 68  1  0  0  0  0
 60 63  1  0  0  0  0
 60 73  1  0  0  0  0
 61 65  1  0  0  0  0
 62 75  1  0  0  0  0
 63 72  1  0  0  0  0
 66 77  1  0  0  0  0
 67 74  1  0  0  0  0
 67 80  1  0  0  0  0
 72 76  1  0  0  0  0
 72 78  2  0  0  0  0
 75 82  2  0  0  0  0
 75 83  1  0  0  0  0
 76 79  1  0  0  0  0
 76 81  2  0  0  0  0
 77 85  2  0  0  0  0
 79 84  2  0  0  0  0
 81 86  1  0  0  0  0
 82 88  1  0  0  0  0
 83 89  2  0  0  0  0
 84 87  1  0  0  0  0
 86 87  2  0  0  0  0
 88 91  2  0  0  0  0
 89 91  1  0  0  0  0
M  END
> <DATABASE_ID>
DB00014

> <DATABASE_NAME>
drugbank

> <SMILES>
CC(C)C[C@H](NC(=O)[C@@H](COC(C)(C)C)NC(=O)[C@H](CC1=CC=C(O)C=C1)NC(=O)[C@H](CO)NC(=O)[C@H](CC1=CNC2=CC=CC=C12)NC(=O)[C@H](CC1=CN=CN1)NC(=O)[C@@H]1CCC(=O)N1)C(=O)N[C@@H](CCCN=C(N)N)C(=O)N1CCC[C@H]1C(=O)NNC(N)=O

> <INCHI_IDENTIFIER>
InChI=1S/C59H84N18O14/c1-31(2)22-40(49(82)68-39(12-8-20-64-57(60)61)56(89)77-21-9-13-46(77)55(88)75-76-58(62)90)69-54(87)45(29-91-59(3,4)5)74-50(83)41(23-32-14-16-35(79)17-15-32)70-53(86)44(28-78)73-51(84)42(24-33-26-65-37-11-7-6-10-36(33)37)71-52(85)43(25-34-27-63-30-66-34)72-48(81)38-18-19-47(80)67-38/h6-7,10-11,14-17,26-27,30-31,38-46,65,78-79H,8-9,12-13,18-25,28-29H2,1-5H3,(H,63,66)(H,67,80)(H,68,82)(H,69,87)(H,70,86)(H,71,85)(H,72,81)(H,73,84)(H,74,83)(H,75,88)(H4,60,61,64)(H3,62,76,90)/t38-,39-,40-,41-,42-,43-,44-,45+,46-/m0/s1

> <INCHI_KEY>
BLCLNMBMMGCOAS-URPVMXJPSA-N

> <FORMULA>
C59H84N18O14

> <MOLECULAR_WEIGHT>
1269.4105

> <EXACT_MASS>
1268.641439486

> <JCHEM_ACCEPTOR_COUNT>
18

> <JCHEM_AVERAGE_POLARIZABILITY>
131.22118283534343

> <JCHEM_BIOAVAILABILITY>
0

> <JCHEM_DONOR_COUNT>
17

> <JCHEM_FORMAL_CHARGE>
0

> <JCHEM_GHOSE_FILTER>
0

> <JCHEM_IUPAC>
(2S)-1-[(2S)-2-[(2S)-2-[(2R)-3-(tert-butoxy)-2-[(2S)-2-[(2S)-3-hydroxy-2-[(2S)-2-[(2S)-3-(1H-imidazol-5-yl)-2-{[(2S)-5-oxopyrrolidin-2-yl]formamido}propanamido]-3-(1H-indol-3-yl)propanamido]propanamido]-3-(4-hydroxyphenyl)propanamido]propanamido]-4-methylpentanamido]-5-[(diaminomethylidene)amino]pentanoyl]-N-(carbamoylamino)pyrrolidine-2-carboxamide

> <ALOGPS_LOGP>
0.30

> <JCHEM_LOGP>
-5.17557331843203

> <ALOGPS_LOGS>
-4.65

> <JCHEM_MDDR_LIKE_RULE>
1

> <JCHEM_NUMBER_OF_RINGS>
6

> <JCHEM_PHYSIOLOGICAL_CHARGE>
2

> <JCHEM_PKA>
9.818594492171766

> <JCHEM_PKA_STRONGEST_ACIDIC>
9.267832115311407

> <JCHEM_PKA_STRONGEST_BASIC>
10.816089522841512

> <JCHEM_POLAR_SURFACE_AREA>
495.8899999999997

> <JCHEM_REFRACTIVITY>
325.83880000000016

> <JCHEM_ROTATABLE_BOND_COUNT>
33

> <JCHEM_RULE_OF_FIVE>
0

> <ALOGPS_SOLUBILITY>
2.83e-02 g/l

> <JCHEM_TRADITIONAL_IUPAC>
(2S)-1-[(2S)-2-[(2S)-2-[(2R)-3-(tert-butoxy)-2-[(2S)-2-[(2S)-3-hydroxy-2-[(2S)-2-[(2S)-3-(3H-imidazol-4-yl)-2-{[(2S)-5-oxopyrrolidin-2-yl]formamido}propanamido]-3-(1H-indol-3-yl)propanamido]propanamido]-3-(4-hydroxyphenyl)propanamido]propanamido]-4-methylpentanamido]-5-[(diaminomethylidene)amino]pentanoyl]-N-(carbamoylamino)pyrrolidine-2-carboxamide

> <JCHEM_VEBER_RULE>
0

> <DRUGBANK_ID>
DB00014

> <SECONDARY_ACCESSION_NUMBERS>
BTD00113; BIOD00113

> <DRUG_GROUPS>
approved

> <GENERIC_NAME>
Goserelin

> <PRODUCTS>
Zoladex; Zoladex Inj Depot 3.6mg; Zoladex LA Inj Depot 10.8mg

> <SALTS>
Goserelin acetate

$$$$